hsA_no_cuts: 28427 28291 
hsA_w_cuts: 24699 24490 
hsE_all: 2501020 2498980 
hsE_no_cuts: 28308 28410 
hsE_w_cuts: 24620 24569 
hsE1_no_cuts: 11690 12879 
hsE1_w_cuts: 11690 12879 
hsEm1_no_cuts: 13009 11611 
hsEm1_w_cuts: 13009 11611 
cos: -1 -0.95 -0.9 -0.85 -0.8 -0.75 -0.7 -0.65 -0.6 -0.55 -0.5 -0.45 -0.4 -0.35 -0.3 -0.25 -0.2 -0.15 -0.1 -0.05 0 0.05 0.1 0.15 0.2 0.25 0.3 0.35 0.4 0.45 0.5 0.55 0.6 0.65 0.7 0.75 0.8 0.85 0.9 0.95 1 
cos %: 0.609646 0.554777 0.55436 0.513568 0.538222 0.53211 0.523529 0.480144 0.511211 0.561086 0.5 0.552941 0.449704 0.468966 0.511278 0.504065 0.495868 0.479167 0.504 0.5625 0.451128 0.517007 0.477419 0.505814 0.507692 0.507937 0.484043 0.509091 0.553648 0.506536 0.501425 0.515012 0.494 0.494905 0.504037 0.488455 0.483459 0.496844 0.51133 0 0 
cos % no cuts: 0.609646 0.554777 0.55436 0.513568 0.538222 0.53211 0.523529 0.480144 0.511211 0.561086 0.5 0.552941 0.449704 0.468966 0.511278 0.504065 0.495868 0.479167 0.504 0.5625 0.451128 0.517007 0.477419 0.505814 0.507692 0.507937 0.484043 0.509091 0.553648 0.506536 0.501425 0.515012 0.494 0.494905 0.504037 0.488455 0.483459 0.496844 0.51133 0 0 
cos nums: 1327 809 5422 3008 1858 1030 995 511 641 345 436 232 340 178 277 133 223 114 221 124 206 103 170 94 169 76 145 68 133 68 123 62 121 60 144 69 125 63 160 90 133 60 147 76 155 74 172 87 195 99 189 96 188 91 220 112 233 129 306 155 351 176 433 223 500 247 687 340 867 437 1126 550 1723 833 2693 1338 1015 519 0 0 0 0 
cos nums no cuts: 1327 809 5422 3008 1858 1030 995 511 641 345 436 232 340 178 277 133 223 114 221 124 206 103 170 94 169 76 145 68 133 68 123 62 121 60 144 69 125 63 160 90 133 60 147 76 155 74 172 87 195 99 189 96 188 91 220 112 233 129 306 155 351 176 433 223 500 247 687 340 867 437 1126 550 1723 833 2693 1338 1015 519 0 0 0 0 
cos all no cuts: 2618 1336 10851 5371 3725 1846 1935 932 1251 625 904 466 703 343 547 254 456 230 435 228 400 203 332 173 326 153 309 147 264 127 261 126 268 128 271 131 265 140 289 159 271 128 292 157 304 144 319 156 393 199 361 184 389 196 432 225 507 264 626 312 721 357 848 410 1004 498 1322 669 1701 862 2256 1113 3492 1742 5449 2682 2092 1074 0 0 0 0 
cos h minus: 1291 527 5429 2363 1867 816 940 421 610 280 468 234 363 165 270 121 233 116 214 104 194 100 162 79 157 77 164 79 131 59 138 64 147 68 127 62 140 77 129 69 138 68 145 81 149 70 147 69 198 100 172 88 201 105 212 113 274 135 320 157 370 181 415 187 504 251 635 329 834 425 1130 563 1769 909 2756 1344 1077 555 0 0 0 0 
s(e+) vs s(e-): 2467127 2532873 
